-90.0000	33.0000	120.0000	0.2750	0.0479
-75.0000	45.0000	120.0000	0.3750	0.0559
-60.0000	87.0000	120.0000	0.7250	0.0777
-45.0000	173.0000	120.0000	1.4417	0.1096
-30.0000	237.0000	120.0000	1.9750	0.1283
-15.0000	274.0000	120.0000	2.2833	0.1379
0.0000	299.0000	120.0000	2.4917	0.1441
15.0000	295.0000	120.0000	2.4583	0.1431
30.0000	247.0000	120.0000	2.0583	0.1310
45.0000	149.0000	120.0000	1.2417	0.1017
60.0000	82.0000	120.0000	0.6833	0.0755
75.0000	43.0000	120.0000	0.3583	0.0546
90.0000	33.0000	120.0000	0.2750	0.0479
